       Date  Profit/Losses
0  Jan-2010         867884
1  Feb-2010         984655
2  Mar-2010         322013
3  Apr-2010         -69417
4  May-2010         310503
(86, 2)
86
0      867884
1      984655
2      322013
3      -69417
4      310503
5      522857
6     1033096
7      604885
8     -216386
9      477532
10     893810
11     -80353
12     779806
13    -335203
14     697845
15     793163
16     485070
17     584122
18      62729
19     668179
20     899906
21     834719
22     132003
23     309978
24    -755566
25    1170593
26     252788
27    1151518
28     817256
29     570757
       ...   
56    1166643
57     947333
58     578668
59     988505
60    1139715
61    1029471
62     687533
63    -524626
64     158620
65      87795
66     423389
67     840723
68     568529
69     332067
70     989499
71     778237
72     650000
73   -1100387
74    -174946
75     757143
76     445709
77     712961
78   -1163797
79     569899
80     768450
81     102685
82     795914
83      60988
84     138230
85     671099
Name: Profit/Losses, Length: 86, dtype: int64
38382578
0           NaN
1      116771.0
2     -662642.0
3     -391430.0
4      379920.0
5      212354.0
6      510239.0
7     -428211.0
8     -821271.0
9      693918.0
10     416278.0
11    -974163.0
12     860159.0
13   -1115009.0
14    1033048.0
15      95318.0
16    -308093.0
17      99052.0
18    -521393.0
19     605450.0
20     231727.0
21     -65187.0
22    -702716.0
23     177975.0
24   -1065544.0
25    1926159.0
26    -917805.0
27     898730.0
28    -334262.0
29    -246499.0
        ...    
56     365942.0
57    -219310.0
58    -368665.0
59     409837.0
60     151210.0
61    -110244.0
62    -341938.0
63   -1212159.0
64     683246.0
65     -70825.0
66     335594.0
67     417334.0
68    -272194.0
69    -236462.0
70     657432.0
71    -211262.0
72    -128237.0
73   -1750387.0
74     925441.0
75     932089.0
76    -311434.0
77     267252.0
78   -1876758.0
79    1733696.0
80     198551.0
81    -665765.0
82     693229.0
83    -734926.0
84      77242.0
85     532869.0
Name: Profit/Losses, Length: 86, dtype: float64
-2315.1176470588234
1926159.0
Financial Analysis
-------------------------
Total Months: 86
Total: 38382578
Average Change: -2315.1176470588234
Greatest Increase in Profits: Feb-2012 1926159.0
Greatest decrease in Profits: Sep-2013 -2196167.0
